100
954
9317
97
482
9471
64
6621
9933
2040
6913
6913
6913
2581
9239
60
347
9539
55
526
9256
53
283
9924
31
171
9937
5404
260
9114
36
12
9982
4
139
206
13
711
5331
9995
1298
1343
4158
475
9756
29
522
9298
42
944
9711
19
123
8679
62
435
9933
83
61
283
51
8361
9216
95
8978
9634
9379
4467
9633
7874
552
9206
38
632
9038
81
147
9153
25
5205
9590
3092
820
9549
94
1886
4903
4396
163
9686
79
4542
6543
7168
5827
6204
94
800
9907
53
188
9938
81
473
9804
49
173
261
2
2459
7056
744
38
215
3212
77
9456
39
1935
7225
43
677
9290
71
927
9566
60
9491
9737
2195
7769
7769
7769
2209
5106
46
2488
3999
1777
3
9972
6
266
274
46
3052
6248
7633
106
361
38
800
9959
40
1909
9231
8477
389
9357
49
5627
9538
9023
127
9487
10
1150
3526
982
968
3326
4952
2112
7887
33
975
9957
68
2
9945
3
299
9767
61
9229
9229
9229
793
9171
89
267
457
65
511
9345
79
394
1066
7355
913
9230
48
9
9967
1
785
6969
3131
4974
8154
9476
17
9877
5
7913
9490
1319
3096
5219
5723
1429
3054
6800
252
7143
9577
116
9262
17
1689
5058
3493
2208
5277
8112
5032
6119
68
5
9914
9
569
9613
66
583
9691
83
65
9946
79
771
9771
90
29
9854
8
27
67
4
659
9602
91
439
3630
6421
991
9957
5
8639
9604
2675
32
9969
10
750
9988
8151
821
9341
64
1301
7348
31
23
9917
7
20
9883
2
762
9364
26
50
157
19
204
9281
48
397
9415
10
